1000 9886
307 521
510 756
313 152
422 330
281 698
696 744
929 102
751 947
481 895
890 533
506 282
713 872
109 515
75 259
699 717
597 394
894 824
386 605
316 926
498 537
672 174
212 735
194 318
752 508
291 712
443 517
375 274
253 573
667 274
812 793
706 308
122 63
766 892
565 511
288 389
644 994
23 487
995 782
230 553
58 918
274 571
442 553
795 487
335 422
800 415
395 981
359 28
857 446
787 651
369 443
233 628
505 376
681 285
311 206
11 705
323 516
112 517
934 712
81 586
690 420
641 296
469 849
242 106
261 727
390 261
675 89
676 998
202 621
723 325
708 407
137 126
493 511
624 291
441 156
561 179
194 956
250 992
828 911
617 100
500 616
546 184
768 364
397 842
931 494
593 243
261 171
377 888
998 426
986 418
18 400
816 658
342 57
809 564
203 869
96 659
669 64
678 790
826 621
342 795
273 768
482 406
509 144
356 419
765 639
192 879
763 248
636 874
654 121
450 555
624 802
365 444
117 299
743 555
675 987
783 396
397 65
133 304
31 32
598 389
446 918
236 318
663 219
706 570
675 569
417 793
404 513
366 977
23 233
230 311
987 744
804 482
924 169
442 303
577 696
562 44
92 239
129 19
944 372
250 691
20 695
186 155
614 982
37 832
405 236
266 162
693 633
324 508
396 545
737 397
149 247
445 151
119 553
731 171
931 317
937 824
503 401
472 657
608 269
682 524
522 85
601 756
730 784
789 665
96 704
995 428
337 206
968 532
592 928
243 512
942 788
392 80
32 407
109 797
772 307
920 710
761 728
703 197
726 46
752 437
4 84
721 494
354 241
963 569
947 860
160 442
751 574
165 167
496 66
320 930
260 141
27 138
544 16
47 71
643 452
556 167
790 533
60 306
175 227
571 678
412 740
630 199
23 47
979 333
451 12
268 406
326 164
97 172
706 542
247 622
909 155
912 129
679 881
23 781
317 528
429 54
947 393
913 745
474 929
19 922
261 781
262 478
409 58
283 529
31 151
989 143
331 813
334 508
232 514
18 711
492 995
509 987
995 888
573 658
423 271
685 952
20 193
184 858
820 673
216 852
566 116
594 679
132 562
9 265
962 481
928 561
397 910
345 481
570 234
897 330
867 707
666 306
318 492
989 789
4 667
38 896
8 350
342 329
923 129
692 296
103 939
517 835
830 410
227 163
392 76
602 93
414 701
163 731
497 345
190 900
835 433
963 644
804 896
640 673
569 253
164 551
601 724
331 222
522 653
616 288
445 74
730 296
436 435
899 829
520 422
649 774
299 909
476 245
130 661
682 326
496 509
886 46
580 909
905 509
853 415
69 384
343 865
934 880
439 306
95 444
425 832
582 842
528 767
1000 972
322 712
454 469
420 77
187 330
164 795
588 578
261 976
939 1000
814 4
27 722
232 832
126 188
183 47
364 648
961 705
803 226
976 734
495 862
851 238
615 121
750 992
37 695
242 651
24 362
496 871
850 74
263 181
145 798
917 72
996 503
872 701
769 65
699 768
640 210
114 179
21 357
81 442
266 348
363 848
532 87
131 329
910 716
661 422
60 711
6 293
891 311
854 441
954 561
622 69
767 139
736 56
865 976
590 487
26 834
8 457
998 888
88 695
711 369
787 97
327 104
256 535
204 245
42 232
89 237
959 800
494 538
978 883
565 333
806 184
844 308
921 753
80 585
340 235
472 419
199 848
653 528
757 870
313 821
117 455
247 580
175 155
362 510
515 854
643 173
353 209
857 673
532 975
130 411
715 668
398 664
888 312
248 215
517 97
657 283
767 192
624 338
699 352
906 630
828 324
23 938
45 46
231 775
235 448
993 252
148 319
818 449
512 572
128 821
163 321
82 452
465 468
393 695
374 834
183 326
665 451
719 816
206 925
286 224
300 418
250 993
556 115
478 77
671 322
570 51
920 94
522 190
389 485
700 125
142 679
808 991
113 378
424 479
82 520
44 920
88 629
821 19
772 713
781 645
358 504
56 2
990 517
186 909
5 439
228 256
601 810
13 620
820 76
335 745
808 652
436 341
257 654
991 229
43 669
317 470
15 595
1 925
825 419
517 445
781 344
411 14
325 972
643 491
420 848
815 989
724 262
160 366
784 691
658 148
862 140
259 99
709 743
647 110
786 368
827 612
875 144
201 929
520 222
314 640
150 122
409 172
378 523
714 97
326 859
862 313
666 460
44 424
542 699
395 222
913 669
90 685
421 910
372 92
546 537
218 866
831 327
267 953
163 976
135 33
175 864
713 137
549 93
606 604
573 653
722 73
408 1
137 581
600 533
929 481
15 620
965 871
113 582
573 766
977 413
987 979
711 868
806 696
846 137
998 452
432 997
363 907
401 618
113 672
494 39
383 470
663 834
868 976
299 87
137 432
410 996
488 412
416 361
489 613
90 178
497 249
343 97
264 781
825 957
53 157
631 320
7 700
75 900
707 90
252 307
751 859
575 393
907 963
584 596
108 274
333 927
943 282
13 993
559 153
781 794
133 408
856 483
430 314
657 790
855 751
161 967
291 528
544 128
503 561
641 826
148 862
918 334
170 558
161 801
329 135
883 744
295 942
770 321
814 382
127 987
662 818
222 997
150 6
761 117
282 390
858 985
50 170
823 357
515 76
664 658
644 616
82 219
743 18
926 630
512 966
417 518
182 262
737 93
222 519
646 161
279 580
885 247
824 839
153 166
276 318
244 490
12 464
819 992
841 888
971 953
555 710
783 791
232 681
847 101
872 578
15 576
492 883
864 166
756 508
258 995
632 194
360 389
848 362
223 626
356 362
422 63
816 904
176 311
822 146
110 160
94 741
920 918
246 544
180 886
105 480
626 130
683 457
151 727
119 195
693 16
307 973
414 531
888 436
152 734
636 94
138 593
521 918
990 733
350 840
424 702
596 700
722 659
817 877
800 858
18 10
577 562
312 787
333 899
118 187
230 801
726 954
748 806
839 121
416 921
199 990
735 56
882 732
27 105
731 897
255 455
75 165
352 558
313 792
558 594
705 238
541 384
657 131
348 730
277 594
905 589
528 752
784 778
396 64
932 146
996 152
404 587
888 686
227 73
671 759
321 519
303 659
908 670
224 993
614 455
68 495
468 449
80 491
970 748
183 46
651 472
45 969
896 513
313 589
903 326
29 629
504 260
25 214
941 416
524 136
177 307
577 818
29 663
157 322
842 537
124 283
536 373
20 78
257 276
497 943
993 546
437 99
674 78
582 719
786 532
94 705
997 204
102 544
969 617
911 188
860 596
828 487
919 641
228 414
61 746
925 385
485 666
714 724
991 128
208 753
378 193
89 18
740 664
346 611
810 210
105 792
914 180
308 731
644 93
403 585
577 150
168 887
530 100
71 132
461 442
192 35
299 889
250 217
89 349
456 632
255 72
610 380
539 79
689 606
44 482
467 88
585 925
641 915
352 296
61 368
528 363
948 696
878 825
154 133
945 150
583 412
107 367
914 651
828 325
352 118
426 773
153 75
281 62
852 323
193 858
103 251
50 965
490 140
591 38
666 139
225 361
873 325
819 939
174 10
917 506
632 28
210 142
341 712
971 833
662 294
242 831
849 365
963 396
730 536
141 845
717 302
383 782
702 578
115 420
722 132
371 846
954 871
821 368
487 860
418 293
39 151
479 988
104 962
780 763
584 460
927 612
52 290
659 506
346 3
475 685
938 335
351 278
225 902
320 887
545 487
599 44
837 887
974 729
971 397
721 230
593 371
388 179
997 369
693 72
809 815
401 312
735 461
500 160
750 138
227 75
581 559
472 98
346 583
740 928
88 290
62 283
669 785
174 689
856 264
602 308
421 504
574 182
334 955
113 889
50 466
930 878
478 378
31 526
801 763
586 371
35 256
809 144
576 165
98 327
304 472
505 425
900 648
10 646
67 971
14 538
35 295
115 983
136 932
214 793
620 884
628 287
616 979
415 163
849 431
767 965
201 508
537 122
996 569
543 52
285 324
646 372
500 735
840 232
13 526
881 632
186 362
501 871
46 982
307 722
695 447
149 471
97 440
890 873
411 560
393 29
11 474
251 817
808 956
271 36
798 975
858 122
17 554
767 128
476 969
665 538
869 346
542 304
754 138
294 41
431 384
439 229
848 858
254 332
688 755
304 952
194 356
714 639
535 639
113 380
701 339
675 484
134 864
728 303
265 535
620 261
416 645
17 7
532 674
898 157
652 509
761 282
562 285
688 928
781 253
69 315
132 937
718 680
349 219
969 170
297 416
45 706
447 882
110 620
32 563
183 852
331 705
297 561
390 534
546 856
771 217
629 53
387 704
335 190
407 541
581 178
486 62
762 505
710 873
332 571
698 865
58 384
521 1000
776 799
184 709
529 569
215 314
394 17
379 565
668 879
775 69
617 913
998 278
301 574
952 861
197 765
57 426
828 945
983 23
646 77
815 718
617 179
247 280
285 251
712 345
570 859
369 426
315 844
982 196
677 698
934 347
973 319
276 593
740 30
800 859
48 976
644 324
113 62
39 274
21 771
26 671
298 152
62 241
486 482
199 72
644 235
493 811
459 999
243 828
17 145
85 33
658 59
311 547
921 795
100 610
763 162
451 932
251 502
2 422
181 347
264 501
982 755
112 175
279 167
541 560
301 299
619 816
106 901
213 943
733 296
606 78
276 193
754 709
350 264
139 417
697 867
883 628
19 843
353 917
575 838
541 850
966 449
55 226
218 640
318 784
853 977
267 466
345 918
288 919
621 925
756 140
448 685
253 150
993 839
423 348
885 465
941 415
618 60
362 894
823 927
88 220
206 903
478 936
784 501
811 972
975 625
114 823
284 580
376 541
103 666
307 669
328 725
937 886
510 616
4 603
636 302
94 710
254 274
759 720
171 75
341 887
837 914
109 533
111 349
315 872
373 197
821 174
545 284
562 782
778 723
640 672
114 373
132 84
208 754
155 285
504 681
485 746
911 962
847 960
759 20
209 728
230 962
446 671
930 728
208 528
857 901
14 370
490 396
937 125
611 146
540 142
101 960
355 464
249 181
527 944
883 818
904 705
140 147
35 447
510 663
735 834
667 162
995 529
547 472
364 448
784 21
767 194
917 295
594 884
520 623
723 104
838 18
818 364
196 424
89 792
515 276
493 39
455 880
620 567
289 651
936 910
556 335
781 655
767 945
647 732
46 584
747 589
430 747
386 399
366 229
243 154
635 684
619 19
855 419
911 509
694 999
825 884
846 802
371 766
669 315
851 712
980 940
802 412
531 710
454 651
764 238
734 978
517 776
440 52
167 131
522 926
775 448
246 664
906 305
138 903
360 779
271 225
790 947
368 310
275 226
441 718
12 569
769 920
576 762
459 990
598 79
584 905
990 805
118 224
908 616
678 70
57 632
4 145
226 1
464 918
285 664
144 788
41 172
942 298
834 499
122 449
246 540
607 218
205 774
923 139
457 997
859 692
955 98
736 572
643 24
919 429
560 746
338 248
983 744
749 518
660 693
542 582
235 699
793 965
614 287
376 153
818 272
675 489
832 668
745 365
710 669
110 569
129 78
612 923
993 911
902 323
741 761
82 422
379 552
555 621
115 18
261 490
254 971
312 334
777 900
320 809
85 615
896 54
533 463
203 548
702 462
247 311
693 137
345 315
751 903
648 100
479 832
835 184
138 808
530 598
904 383
924 866
804 792
259 645
830 76
651 619
209 842
507 889
968 757
497 259
830 223
597 304
856 374
32 136
450 667
472 127
934 105
888 839
805 404
454 194
2 451
559 229
174 829
322 624
487 142
165 902
425 873
190 555
144 143
863 35
240 856
633 983
740 925
250 385
838 6
382 130
478 625
201 44
735 555
349 508
121 661
335 185
690 408
72 863
110 763
477 919
441 398
421 928
595 109
385 87
404 245
176 124
799 44
470 626
128 255
155 159
42 925
993 939
83 748
102 841
547 44
505 881
293 876
917 162
912 370
10 78
926 809
755 62
239 527
629 537
321 492
15 352
971 630
828 801
800 638
780 700
678 757
270 443
972 916
39 791
527 362
910 358
267 672
588 324
562 875
869 108
416 85
414 672
19 176
151 951
333 560
299 736
504 654
450 844
514 889
53 401
50 218
429 706
786 5
182 922
405 874
471 791
331 160
739 63
443 618
8 157
501 208
30 882
108 22
2 423
554 136
225 923
387 99
300 704
339 794
781 143
617 137
329 208
37 239
115 707
496 335
678 615
909 43
378 879
417 853
73 219
753 681
477 105
335 127
706 609
429 134
373 376
643 80
790 129
645 642
336 786
148 449
828 419
666 2
188 962
619 494
511 291
487 374
788 529
456 26
720 839
872 898
637 670
853 833
451 257
452 110
399 609
258 675
797 590
58 20
42 625
370 290
279 840
817 225
232 287
910 774
124 277
732 468
953 289
555 437
152 64
850 875
472 733
898 533
423 18
411 586
506 580
733 687
739 526
830 347
446 64
48 671
488 470
566 369
513 891
563 585
207 925
778 321
856 609
180 91
773 202
632 668
477 549
363 520
623 358
271 317
598 563
169 863
460 330
846 598
249 489
601 892
655 91
643 611
436 483
458 359
611 439
8 42
743 690
445 107
626 360
974 838
666 563
459 787
499 798
722 919
924 511
140 430
969 706
109 975
165 973
369 610
558 620
939 666
979 409
598 381
35 855
801 733
531 436
588 643
629 345
832 245
886 440
634 65
756 794
304 574
840 704
235 22
808 126
27 770
139 460
726 271
793 895
23 822
62 776
301 48
358 163
322 973
129 327
483 974
214 866
380 606
564 904
496 823
794 450
392 798
300 127
68 227
551 758
915 293
776 984
618 17
690 642
488 886
128 167
898 471
422 569
958 607
595 771
301 487
493 396
834 405
371 848
778 176
745 35
985 972
930 87
241 332
612 341
495 307
577 185
520 178
765 401
358 969
965 599
569 382
371 998
77 943
685 560
635 909
636 418
341 778
177 793
954 691
683 19
471 100
589 385
859 370
260 856
237 58
293 836
58 69
90 300
218 281
338 802
191 494
798 514
303 160
910 120
860 975
829 376
154 288
795 776
134 890
249 374
729 60
378 82
364 97
350 20
795 185
528 540
285 663
514 579
964 187
914 297
535 315
494 791
190 439
109 580
487 429
59 467
114 858
121 14
912 153
474 806
368 922
221 280
743 408
113 439
126 360
579 715
476 111
538 158
439 635
656 45
896 604
469 814
690 324
824 942
400 762
497 698
463 108
91 75
655 603
510 372
457 584
940 915
445 533
617 810
162 870
293 887
662 448
976 967
190 449
858 439
307 679
604 215
292 749
689 375
803 659
194 880
774 63
825 943
214 165
108 984
532 10
773 352
202 384
997 258
695 607
647 728
635 774
449 389
808 118
496 152
549 555
203 99
226 960
230 544
375 289
123 328
291 644
843 83
293 126
994 477
795 788
941 604
686 840
673 134
406 894
191 736
767 321
752 230
218 654
41 143
100 686
999 818
302 230
714 174
967 272
502 505
196 700
876 206
110 926
1 442
650 793
597 740
410 254
49 406
233 433
620 203
568 982
988 295
277 142
82 214
638 291
396 268
897 785
97 499
979 363
766 455
236 994
440 595
461 764
36 158
785 725
975 750
372 337
45 277
335 167
552 631
437 155
332 967
635 742
279 916
853 550
877 605
159 418
220 652
849 196
706 156
336 401
949 679
102 680
507 472
290 318
347 307
247 282
712 347
379 882
971 454
649 334
315 846
686 819
929 974
821 72
887 812
129 646
169 977
62 100
674 890
806 359
299 739
230 853
156 104
503 323
312 790
632 863
66 797
30 992
568 455
911 793
593 532
443 621
333 785
448 453
726 808
130 657
669 584
895 816
308 992
27 904
139 937
610 19
204 736
762 214
568 515
400 917
814 8
376 500
269 685
799 237
582 247
50 988
372 151
140 813
110 519
435 859
461 999
353 742
486 314
713 326
876 758
353 523
152 210
851 464
85 828
565 578
513 47
115 103
87 115
668 764
744 266
367 364
855 14
986 459
870 469
678 525
937 645
267 638
161 471
473 421
711 476
488 358
507 194
113 79
812 609
7 641
333 90
514 939
566 400
659 46
734 534
95 984
152 940
653 564
411 905
194 315
433 721
346 622
807 815
518 678
620 312
433 546
970 283
44 892
173 544
763 320
678 171
283 474
593 866
559 156
46 618
726 679
243 174
602 625
879 435
331 429
829 166
98 400
675 512
292 80
849 789
334 751
88 23
135 795
391 173
789 490
662 104
314 970
558 41
294 766
615 8
600 287
249 759
840 270
733 93
900 836
71 861
586 327
159 183
145 877
609 448
292 532
573 613
683 688
690 643
820 758
693 608
140 672
722 240
851 492
231 630
399 282
440 361
426 324
65 652
925 915
553 121
683 372
665 737
793 468
427 178
17 946
988 625
574 750
955 632
650 198
851 699
643 787
184 76
792 267
167 189
545 85
786 638
617 212
181 865
455 134
593 289
243 728
684 132
449 41
920 542
647 917
310 577
263 847
492 24
226 940
248 488
709 961
840 944
144 903
842 943
403 614
23 401
210 632
136 363
165 992
863 217
425 883
467 136
361 909
857 784
876 84
100 350
507 667
308 984
573 84
834 847
800 432
529 22
947 259
516 276
900 651
188 165
67 423
201 54
607 506
985 713
370 679
596 85
116 391
639 74
528 473
270 994
679 942
157 799
97 470
167 138
840 298
287 977
664 648
202 571
495 146
880 682
884 162
443 428
10 217
33 680
840 8
988 896
203 760
917 140
685 992
447 509
573 875
775 243
264 723
380 39
841 563
133 959
82 601
949 61
164 987
806 414
879 188
972 882
739 585
856 818
595 749
134 283
122 589
618 566
251 931
470 387
865 931
39 410
497 39
207 852
925 469
655 252
345 219
700 987
863 377
392 36
461 895
507 891
838 980
381 798
679 347
352 824
302 118
972 109
283 138
606 420
700 569
369 975
776 25
502 173
585 751
674 680
126 713
662 613
369 600
425 990
390 856
338 553
38 532
231 310
514 548
27 943
714 175
594 649
813 681
10 726
407 824
156 632
428 66
184 881
46 369
135 978
304 342
547 402
41 176
915 503
515 176
664 662
990 466
211 393
377 157
732 829
514 104
680 128
386 279
150 356
699 29
96 54
637 361
272 545
805 665
993 937
851 311
357 2
927 138
125 38
401 808
145 827
561 254
889 729
103 627
470 850
972 688
384 905
114 136
424 484
703 800
560 50
46 736
543 331
732 272
551 876
988 650
829 906
998 631
622 195
189 412
940 436
727 330
543 617
565 33
603 146
877 783
221 875
941 306
105 518
495 91
557 718
212 705
982 421
51 325
969 970
226 997
99 113
484 573
330 903
100 621
726 809
361 811
838 311
51 99
685 978
94 71
222 24
939 688
766 981
197 326
182 698
994 192
101 826
361 581
552 250
861 784
93 470
421 671
260 531
245 507
852 85
84 959
467 49
286 535
35 277
697 864
317 591
777 913
912 113
676 234
349 478
577 635
908 453
582 244
180 860
182 230
416 556
120 105
963 495
819 595
242 644
741 686
353 741
395 504
738 99
421 309
141 982
764 828
345 550
842 690
238 283
940 381
591 285
669 419
923 991
673 928
180 656
343 228
293 927
442 449
684 224
169 271
492 625
879 135
189 591
160 827
358 946
87 336
733 734
683 41
42 435
761 953
206 582
268 817
106 978
203 204
460 245
333 577
987 416
56 474
420 603
956 629
518 276
242 445
762 708
89 22
71 98
995 86
927 587
942 563
523 767
602 348
645 288
403 589
957 14
199 847
37 48
313 824
57 127
88 259
845 494
770 898
218 839
415 440
424 218
338 384
395 971
375 997
54 588
671 727
542 406
770 164
473 732
793 893
266 967
732 886
14 941
461 384
28 793
324 224
785 626
328 227
951 5
992 90
757 342
978 101
392 768
817 33
582 355
175 843
968 467
641 339
439 838
996 513
279 761
784 325
863 819
920 133
703 666
577 786
140 560
162 88
185 169
992 279
896 580
627 5
419 712
186 709
958 959
742 982
512 125
968 879
53 19
510 794
973 226
93 922
191 165
716 324
517 885
242 255
260 482
688 493
946 705
653 317
450 912
668 274
848 227
909 915
225 707
118 453
502 932
277 904
482 400
264 195
139 977
428 974
801 300
910 126
638 366
562 531
250 39
913 187
109 800
771 293
627 927
215 541
834 351
563 135
31 613
679 613
895 203
383 39
370 400
956 93
226 382
447 858
766 636
1 604
164 56
701 783
26 57
615 841
582 18
508 715
714 106
733 414
440 970
538 15
560 971
353 835
262 391
282 321
525 259
158 820
803 161
763 675
913 545
897 932
755 664
318 958
524 253
447 286
931 197
91 352
423 353
864 313
978 216
372 383
324 506
453 538
882 444
383 857
441 194
722 213
372 494
138 98
980 749
842 527
659 572
641 89
845 153
399 238
206 668
11 478
751 896
739 584
906 800
488 272
640 445
716 360
276 953
691 436
434 465
308 458
844 4
459 110
186 938
63 352
820 45
659 744
108 271
694 514
329 590
265 650
359 670
145 172
365 265
22 554
4 225
112 409
430 731
619 554
781 279
892 510
165 50
41 124
653 89
781 360
767 323
681 44
893 6
634 20
192 111
340 415
416 615
606 86
422 667
939 885
870 987
411 444
306 170
840 809
19 819
426 935
210 782
176 642
234 494
873 7
617 601
394 136
145 522
410 414
304 181
323 851
768 740
71 797
936 954
673 697
289 688
697 927
751 480
727 704
71 946
37 878
276 426
849 280
742 45
926 420
964 127
220 287
689 256
988 685
437 10
506 559
919 779
63 81
711 613
646 208
958 198
172 591
338 966
673 455
468 709
434 501
947 785
70 672
400 444
644 215
78 835
544 451
49 923
606 385
346 571
795 843
777 323
528 983
420 398
262 786
821 522
970 372
623 658
917 843
540 166
100 765
250 206
782 485
416 532
127 132
532 834
711 577
774 991
520 138
499 549
727 981
691 163
641 906
130 433
227 579
891 568
620 154
359 70
948 673
292 141
150 39
999 54
966 43
532 241
448 562
382 248
73 395
326 567
901 795
615 119
945 79
28 933
931 12
114 416
699 56
63 945
232 499
951 198
334 252
689 467
203 643
215 647
284 576
509 731
111 123
133 869
137 354
552 883
368 544
935 432
829 941
367 850
481 775
375 167
640 502
215 798
260 271
81 350
527 331
730 69
289 265
83 789
857 382
855 991
734 532
113 222
26 767
190 938
621 126
406 642
400 311
255 273
463 836
368 798
304 723
553 384
814 473
799 655
649 114
537 948
585 55
689 593
796 851
672 353
250 341
89 721
420 111
633 908
870 995
283 689
509 345
55 173
476 134
417 592
292 816
221 246
996 812
776 765
337 473
690 351
965 215
474 530
629 154
664 999
708 271
653 442
881 885
552 275
408 43
119 685
870 47
85 877
218 612
15 534
632 144
278 560
263 860
90 836
626 914
725 814
797 369
529 373
107 831
725 927
998 429
787 308
937 743
869 464
584 163
697 39
789 767
960 959
578 354
815 627
537 8
714 665
920 753
997 461
212 651
215 512
40 540
627 576
338 801
468 876
934 65
402 302
207 513
248 718
563 281
44 851
13 840
800 670
550 49
465 802
598 301
657 189
344 208
1 689
296 83
919 213
832 165
5 629
307 373
71 500
460 661
573 82
991 679
919 74
957 499
47 383
287 300
25 341
95 839
253 903
625 572
992 793
184 966
442 310
663 889
824 962
456 454
535 248
618 308
111 333
92 572
48 855
568 795
147 315
187 199
932 80
119 768
638 228
72 5
224 832
243 92
779 8
466 773
718 47
958 638
176 178
842 715
976 774
977 32
426 294
209 190
851 635
300 275
868 828
162 236
384 862
204 375
445 635
699 944
986 385
539 819
575 209
318 74
502 743
346 89
964 472
893 494
740 103
389 229
172 763
934 964
963 768
69 849
259 649
960 522
651 623
394 668
913 388
949 334
271 374
420 924
4 83
363 346
490 425
72 585
757 518
151 141
501 248
948 313
395 828
2 157
830 829
615 569
883 107
302 378
144 884
17 250
455 680
631 819
463 173
799 583
715 380
644 816
224 433
403 866
891 543
175 462
930 314
785 142
398 683
693 741
426 823
245 263
818 161
665 230
137 83
242 527
82 100
599 585
376 185
837 468
72 210
736 169
367 389
828 761
44 168
432 202
785 261
49 392
202 940
833 946
595 847
816 160
814 687
251 517
430 692
474 492
497 901
629 628
977 499
686 485
108 793
91 109
73 554
772 986
371 781
411 610
447 96
251 867
217 695
659 456
219 449
95 807
184 55
973 216
557 409
940 295
764 163
713 747
238 206
403 119
423 840
129 769
304 193
893 498
673 920
989 927
868 208
281 960
982 72
646 636
230 840
359 556
343 791
424 307
702 42
544 452
853 70
484 575
829 445
486 512
820 288
288 369
365 637
627 854
499 951
317 250
822 857
325 799
201 769
992 628
59 431
549 443
230 660
487 63
663 24
520 794
563 924
213 539
770 222
737 913
261 985
724 137
710 940
801 896
785 507
928 524
295 686
906 529
757 709
713 105
927 74
715 932
681 596
591 249
449 996
908 293
893 993
729 832
72 93
914 978
860 55
872 676
395 331
806 875
772 815
813 172
388 528
885 755
712 156
381 303
935 290
811 848
629 761
116 556
502 77
854 726
157 126
170 757
493 198
52 825
77 903
886 679
526 628
536 136
60 734
648 110
280 454
618 524
860 705
901 1
99 433
946 682
584 515
269 471
260 46
498 529
549 736
182 971
146 181
330 854
826 691
857 31
105 770
1 827
682 402
596 444
230 598
340 242
179 180
753 879
60 917
649 948
724 344
268 454
344 868
274 563
168 50
192 168
374 320
891 598
202 465
956 42
79 949
727 873
582 52
474 666
586 59
516 450
314 870
794 44
867 558
1 272
954 438
827 172
794 95
559 733
548 66
328 229
680 346
224 54
850 150
278 727
350 389
745 372
287 911
509 43
1 50
864 6
607 822
667 741
837 317
988 959
926 818
862 896
885 545
135 472
710 596
552 562
295 150
336 461
797 368
390 174
428 501
945 677
837 607
989 692
243 270
380 141
346 13
384 738
294 293
721 79
596 941
189 593
262 775
316 596
829 233
263 747
431 261
68 577
471 516
313 414
964 635
243 733
562 815
514 906
878 321
330 763
8 123
302 637
808 514
625 247
787 864
90 75
184 395
131 132
216 28
37 470
321 679
123 639
948 580
145 369
476 325
352 347
997 196
328 468
554 622
41 945
480 255
26 7
887 998
853 690
418 701
633 24
616 842
659 898
624 373
20 712
348 45
277 231
741 514
154 786
615 434
408 153
600 621
563 611
361 95
396 586
401 944
236 777
348 371
958 748
44 84
567 424
401 833
972 568
889 706
694 85
141 875
589 257
510 602
620 891
560 9
368 269
797 340
928 557
176 258
160 903
986 287
514 136
918 668
480 33
837 964
860 619
412 148
843 664
844 183
493 31
220 889
668 453
981 890
235 616
916 651
848 193
575 438
977 995
192 677
891 101
229 630
749 127
397 298
644 253
421 164
574 122
578 105
9 802
247 886
782 103
929 753
382 715
240 343
133 385
62 313
523 825
585 748
123 317
235 807
130 649
645 358
612 247
785 99
183 652
244 425
395 900
892 734
269 931
520 895
739 373
814 129
386 422
746 603
47 274
752 410
586 480
880 781
771 78
97 21
315 218
797 904
93 865
359 173
55 148
463 371
641 767
811 683
444 540
215 279
197 820
257 103
97 352
831 565
346 385
333 133
654 808
135 403
836 44
765 130
390 412
162 442
722 183
851 425
466 633
74 264
195 244
91 108
242 976
411 613
56 905
219 448
66 341
963 961
958 196
650 157
657 687
413 337
555 8
43 828
796 278
281 967
856 569
842 638
89 142
52 6
324 803
312 939
214 398
817 870
593 767
971 6
19 502
248 519
507 614
683 539
49 635
274 716
41 239
903 763
410 60
320 55
330 247
538 304
819 628
885 103
926 955
430 170
969 404
398 644
438 881
295 728
117 190
689 789
157 791
897 704
770 78
718 424
136 866
836 979
236 726
969 246
318 997
154 821
239 365
461 995
686 292
270 763
695 174
842 558
43 463
579 469
375 530
259 881
971 811
132 655
461 197
409 602
543 411
450 374
570 39
630 927
812 424
318 289
691 777
581 613
341 896
877 718
513 973
988 617
536 26
521 393
51 535
548 964
950 725
901 511
411 879
764 55
507 501
397 656
829 901
552 214
941 895
925 410
290 341
46 832
342 244
683 200
151 982
778 684
178 912
749 71
1 905
937 325
901 339
903 936
763 215
140 468
330 934
577 111
339 844
359 305
195 784
365 608
593 901
248 402
476 309
818 802
670 771
13 4
429 415
877 453
730 935
279 193
463 100
446 882
140 137
130 403
701 1000
154 29
84 990
801 818
586 56
109 640
984 262
461 724
517 771
387 950
28 741
12 34
857 587
362 43
914 642
419 32
607 531
719 117
867 702
210 103
598 818
92 71
37 706
186 140
209 412
432 4
729 818
805 717
992 460
223 780
922 427
390 397
141 757
717 342
555 519
202 997
519 480
478 910
106 345
453 692
493 391
624 343
866 412
573 835
945 676
640 182
453 837
15 423
868 907
190 155
429 431
748 673
656 831
694 795
678 700
401 416
455 237
938 217
83 834
427 340
998 653
433 791
216 417
55 836
169 813
481 515
800 921
450 798
971 218
215 514
660 765
4 121
426 381
69 669
97 681
567 164
113 329
687 789
749 444
677 303
802 897
934 214
458 23
9 743
763 352
639 413
435 317
889 314
857 788
454 506
629 312
520 836
633 829
634 110
213 609
715 291
454 277
184 857
607 763
804 491
755 639
43 761
629 90
297 623
944 670
876 389
35 191
567 213
438 168
153 40
524 105
11 902
766 428
767 893
533 789
443 364
774 481
335 961
29 566
969 955
966 557
533 134
550 812
665 54
759 850
885 403
736 329
756 480
439 980
485 847
768 329
203 511
162 123
897 244
846 145
650 388
778 81
211 922
552 958
493 252
755 217
403 236
833 68
993 732
542 25
690 788
73 878
801 114
233 592
731 497
623 199
492 459
221 771
460 169
189 485
119 100
997 926
967 826
492 346
865 784
95 911
958 11
871 949
623 421
558 379
207 630
50 665
446 718
29 446
971 29
40 905
226 76
566 894
682 678
701 221
593 956
540 93
300 730
227 330
47 63
448 938
349 163
611 208
761 291
45 682
616 634
65 276
653 939
913 966
844 602
849 960
39 824
922 956
705 292
409 231
925 823
175 456
378 708
40 453
810 745
673 937
830 748
135 974
84 790
31 777
503 988
600 52
609 177
396 265
839 759
163 110
970 866
77 460
115 809
285 481
633 164
3 863
543 243
466 197
16 892
325 270
309 649
499 55
836 158
551 693
328 909
491 683
992 500
573 681
337 193
840 40
401 812
405 888
963 162
730 731
62 565
682 582
738 970
983 44
784 237
56 885
399 207
592 871
629 660
471 745
294 354
816 750
66 453
105 633
488 271
397 619
553 74
223 169
287 166
561 702
907 918
969 893
622 33
181 677
207 677
669 944
692 87
855 382
570 567
41 419
792 613
522 690
290 878
313 695
853 53
965 555
636 761
70 833
986 598
438 677
403 930
852 883
174 867
505 8
321 347
597 929
357 652
925 874
32 999
586 434
54 612
435 482
370 777
741 790
832 30
377 183
165 646
672 550
982 839
386 324
957 539
923 407
404 800
536 801
908 336
841 947
350 728
189 903
500 888
111 934
96 325
759 794
608 677
450 452
766 198
958 564
44 946
889 761
11 317
964 237
214 260
252 207
346 132
788 83
793 451
854 724
746 421
51 745
857 269
130 786
177 910
995 414
462 577
284 353
324 610
418 507
266 959
708 904
801 58
794 419
796 933
237 80
990 534
129 741
95 950
852 723
217 988
346 760
356 474
563 401
893 695
535 591
921 847
264 186
448 439
981 19
416 853
36 646
933 144
221 670
577 110
99 254
192 908
47 6
311 397
563 220
819 70
876 109
817 56
314 76
95 411
451 679
822 938
124 590
995 534
597 822
908 135
9 768
839 921
201 29
476 129
259 286
421 512
904 550
597 679
728 810
381 975
510 96
93 904
404 853
166 860
443 185
462 199
745 489
961 676
965 212
520 741
405 109
262 302
673 757
727 574
720 588
244 471
273 591
831 588
561 88
780 830
788 273
920 137
115 63
751 485
580 211
787 788
842 722
681 848
612 716
828 897
99 531
730 659
987 96
654 67
623 61
608 490
792 225
225 926
959 95
906 169
433 901
68 572
109 472
323 998
961 367
104 232
584 722
380 365
940 81
208 838
854 77
530 271
125 671
915 443
991 236
706 76
812 97
783 240
240 198
773 970
664 846
262 70
135 460
678 121
992 720
197 584
526 61
584 878
161 931
571 660
94 3
22 876
44 748
136 767
88 216
749 733
383 35
735 798
169 377
260 576
374 674
896 820
165 717
889 27
927 345
624 280
127 959
664 703
917 723
462 176
210 953
317 627
675 257
345 934
272 284
656 567
172 509
598 863
286 269
829 797
681 513
228 548
580 273
515 390
495 14
116 209
153 329
506 821
455 699
90 948
203 767
384 51
868 763
206 966
464 225
889 704
102 823
812 426
180 677
113 718
720 434
718 93
974 459
613 137
542 143
780 512
713 611
128 423
609 562
422 313
28 499
960 24
761 900
405 694
725 545
598 313
285 128
302 973
773 251
21 902
761 885
902 785
284 472
821 239
808 706
721 331
151 936
613 845
472 215
270 14
532 485
861 856
506 58
251 986
536 527
539 368
978 816
481 264
541 258
321 871
843 38
875 329
680 841
216 600
573 2
994 57
667 69
46 130
874 515
781 245
648 544
827 923
973 953
880 783
398 686
148 581
168 155
426 931
478 632
406 245
687 364
301 481
874 293
638 474
909 226
905 829
951 427
221 138
520 607
689 888
259 421
267 430
585 191
396 266
31 247
741 548
888 488
68 515
301 131
452 113
664 953
292 986
502 802
633 276
120 888
710 752
141 683
718 159
486 125
23 715
742 33
391 807
267 797
495 403
775 189
465 164
51 799
768 949
56 903
155 973
119 436
983 47
713 824
356 262
428 891
552 810
902 866
760 589
568 230
341 204
990 571
613 784
562 866
545 16
799 217
412 105
530 452
783 10
363 541
859 432
473 109
860 879
421 245
739 838
231 779
694 759
502 992
948 250
687 418
330 817
114 336
901 204
1000 649
564 10
394 782
895 984
622 768
358 476
416 697
972 422
14 824
558 603
180 847
399 554
857 802
184 564
829 156
79 813
905 628
265 789
486 865
325 173
164 237
992 998
477 98
46 9
467 52
861 156
700 30
317 586
391 327
533 618
794 70
79 240
337 497
301 86
608 788
907 186
547 147
859 645
788 655
167 706
758 601
746 113
569 536
693 573
828 527
405 810
888 226
997 896
229 22
985 840
514 746
822 85
974 578
742 860
413 96
821 355
180 669
141 945
825 864
220 622
78 372
25 616
872 325
522 19
280 346
389 24
997 243
394 494
358 951
650 320
347 386
925 487
29 210
857 465
535 872
646 323
5 89
27 433
29 323
655 51
342 778
593 328
669 915
374 155
963 618
2 610
921 674
826 702
226 898
950 55
9 888
947 926
394 802
602 712
529 45
990 910
778 908
710 451
782 972
126 522
339 885
706 698
669 550
46 619
714 145
643 151
459 630
226 343
799 536
253 526
970 118
93 229
240 871
404 624
973 838
297 480
675 663
532 664
712 104
155 822
923 453
687 292
598 705
197 232
788 589
673 949
707 663
945 680
965 211
859 624
970 699
261 732
957 943
797 954
64 546
853 878
485 15
289 892
567 65
185 835
31 260
994 779
785 800
915 913
811 800
495 459
994 225
375 865
512 451
470 159
988 728
366 92
204 335
676 264
63 22
470 14
460 48
339 940
967 963
649 557
61 660
445 821
838 948
86 73
878 469
880 255
347 543
720 19
852 752
941 865
127 53
108 288
792 559
556 568
210 870
265 657
639 697
442 783
43 548
317 93
598 182
122 247
231 443
322 501
341 343
161 561
805 504
633 737
559 201
706 367
305 654
821 590
908 838
175 321
468 189
455 593
187 287
391 489
545 757
307 913
822 951
453 48
183 843
365 868
176 660
406 238
689 962
173 177
103 48
783 804
861 196
58 659
165 605
426 863
50 783
416 221
187 106
955 721
779 302
562 178
103 278
158 617
98 652
571 192
516 711
756 204
686 243
615 187
389 155
728 549
722 63
116 210
872 592
565 531
362 702
884 223
870 350
638 970
640 375
660 232
879 484
721 910
908 44
985 561
769 304
498 914
43 55
850 701
800 618
854 285
677 828
768 200
453 968
96 731
464 415
199 211
854 396
603 140
968 543
772 663
648 925
522 954
317 302
264 902
851 970
527 399
416 65
57 849
665 958
856 741
482 478
583 868
640 720
15 200
602 9
238 899
274 3
846 706
78 872
910 95
736 916
900 17
333 870
669 716
63 749
35 688
644 30
745 987
359 379
821 674
109 912
974 684
623 408
524 858
435 569
170 1000
480 158
334 297
762 300
232 436
50 160
892 959
344 637
71 762
372 11
923 397
965 26
788 517
475 258
258 292
757 408
150 382
832 833
377 346
615 78
214 685
71 792
536 550
399 442
846 465
997 875
545 206
430 696
882 477
745 83
232 186
656 716
523 178
732 383
505 255
665 306
100 497
981 584
543 305
241 269
501 755
543 710
413 445
894 558
219 370
691 425
691 972
478 29
360 828
592 903
263 593
575 70
303 259
985 344
930 491
477 524
191 478
449 235
144 551
648 151
460 429
208 670
869 583
302 440
912 540
848 974
23 358
445 432
619 525
726 803
382 759
779 709
485 998
212 28
729 238
215 107
300 369
734 121
93 367
865 510
27 897
139 587
895 142
54 634
914 507
279 303
943 772
338 515
984 331
757 894
663 389
741 869
286 424
607 170
281 577
15 795
732 799
895 381
609 76
115 775
353 654
36 405
898 344
982 545
229 388
824 732
145 779
903 94
10 155
306 798
595 988
711 806
927 997
752 263
733 566
973 103
636 295
708 212
460 13
983 56
650 45
246 538
599 2
60 72
894 586
403 407
357 295
71 978
555 105
294 31
564 552
378 356
990 679
501 410
563 403
484 584
692 53
877 15
326 287
860 995
75 29
890 362
255 284
471 819
939 517
479 324
193 558
799 741
910 134
514 631
930 832
934 824
463 240
544 194
641 888
70 72
914 332
143 898
516 168
610 95
774 956
991 334
227 533
895 162
642 322
495 560
443 989
178 343
27 794
139 452
766 725
330 377
663 425
723 130
11 782
288 861
589 725
992 225
794 91
906 561
177 107
470 720
396 723
318 24
127 763
288 784
867 816
454 631
266 803
806 937
353 987
556 320
996 527
903 45
580 334
664 257
745 154
765 71
608 85
785 807
560 97
873 254
985 980
470 156
471 333
683 365
974 284
816 842
873 143
422 354
996 67
65 935
651 664
691 919
56 158
129 598
973 365
354 415
650 26
892 131
379 48
902 954
179 355
998 787
982 116
640 757
807 891
874 254
527 72
259 334
813 779
479 299
155 97
658 120
291 609
218 515
687 903
84 168
639 414
508 908
308 560
679 611
776 322
80 703
249 88
549 115
108 229
516 140
719 391
520 839
369 663
446 877
799 103
782 715
371 152
678 424
383 434
865 151
233 477
231 126
210 230
987 740
842 161
59 201
956 185
266 212
276 685
211 498
283 513
177 6
909 845
659 902
883 420
538 9
277 227
137 912
785 592
976 604
223 988
923 718
873 303
146 881
254 790
862 977
23 629
479 759
297 927
997 886
444 858
93 573
405 865
155 882
394 242
661 144
419 541
683 312
828 935
941 640
964 295
542 28
85 479
163 657
310 576
431 692
158 404
811 442
904 360
558 767
740 742
666 814
389 881
252 693
860 820
679 336
605 860
967 85
914 99
829 404
133 397
796 67
726 772
415 535
736 772
933 86
627 833
559 236
840 802
306 66
311 503
884 555
814 282
27 15
15 657
365 694
361 739
692 545
700 443
589 955
71 612
438 873
909 224
13 299
362 223
951 421
469 696
681 321
867 618
672 908
220 64
772 985
495 846
379 349
210 42
432 112
352 644
974 152
188 533
135 126
339 419
927 226
489 498
292 555
846 470
453 758
453 760
755 920
811 986
423 400
100 355
651 117
198 912
362 546
769 482
846 240
320 782
372 639
263 504
425 175
626 806
772 598
446 173
531 777
492 411
39 38
25 684
134 510
599 238
359 837
450 931
844 402
327 491
165 412
836 736
591 890
708 829
356 265
48 970
803 842
753 139
927 239
665 877
468 300
874 929
122 842
144 536
416 989
36 542
742 247
934 51
441 638
302 441
194 350
105 809
179 46
170 905
499 781
406 363
445 463
212 430
505 156
997 254
531 306
956 829
62 424
563 197
212 29
578 705
914 361
184 566
115 714
574 455
79 815
481 500
358 936
602 532
658 866
831 913
944 635
871 400
247 666
503 780
509 335
109 661
438 885
844 968
258 487
858 896
586 147
438 228
278 861
63 729
245 742
943 613
177 78
175 719
225 346
428 89
871 199
917 491
663 731
578 805
723 436
561 49
135 98
327 224
249 573
620 596
713 334
224 781
188 680
542 811
889 525
158 16
803 349
293 823
883 43
976 903
78 203
708 70
121 868
17 829
343 253
44 383
826 137
898 746
920 78
370 61
25 622
34 392
546 24
967 584
713 569
329 972
440 435
812 315
798 702
996 807
801 138
226 719
627 677
66 36
731 314
53 218
407 586
662 454
536 828
901 12
155 358
542 374
854 36
731 683
599 938
222 306
410 201
726 98
85 90
69 677
605 787
199 38
560 652
654 110
860 840
971 38
589 450
522 548
246 118
781 345
875 386
736 716
808 329
737 613
705 199
247 600
857 828
736 699
843 369
680 700
139 630
698 747
222 793
515 565
226 452
923 342
747 106
58 765
365 348
617 642
192 331
883 313
888 435
724 793
373 437
323 640
374 879
966 682
110 696
622 559
534 46
702 924
177 507
340 913
291 335
898 317
42 971
149 117
78 5
617 821
758 448
141 753
312 461
457 548
79 32
814 744
968 25
231 622
16 613
399 354
493 387
43 188
685 773
603 388
685 73
769 298
702 472
360 980
613 227
869 73
263 448
727 127
698 355
371 633
856 983
428 528
947 512
251 637
218 204
276 940
762 513
464 324
731 262
966 946
475 580
271 280
113 252
47 193
910 65
970 468
695 897
916 978
866 261
118 254
448 406
838 743
899 865
494 685
523 865
213 779
567 684
135 313
218 691
75 870
417 153
41 154
39 899
408 691
224 744
908 832
601 498
316 70
24 835
296 1000
745 799
597 870
49 272
47 261
359 55
955 409
700 81
558 883
597 727
864 362
687 618
429 348
232 644
434 684
310 507
816 348
541 897
188 626
708 361
88 417
345 837
876 679
551 653
954 169
496 322
417 10
929 509
451 81
698 493
309 339
402 535
275 735
348 511
8 994
794 705
427 1000
689 285
124 342
107 896
256 240
744 315
7 893
198 964
254 578
346 123
953 209
347 302
55 529
132 466
996 145
834 724
265 247
930 227
218 49
20 367
294 378
740 158
172 610
468 569
251 955
557 433
551 166
518 437
640 46
553 518
38 206
539 599
578 499
887 127
290 983
754 272
21 869
761 596
616 305
374 193
302 418
459 837
667 312
207 483
27 153
246 15
467 48
914 243
110 125
882 575
866 152
459 722
602 957
136 271
246 616
31 582
383 115
836 695
800 357
912 367
622 564
588 764
348 889
476 294
648 313
136 621
504 167
122 346
340 277
838 124
399 960
278 967
5 885
762 298
430 770
602 851
456 409
573 257
330 446
149 858
900 998
888 380
233 598
654 525
34 426
804 154
314 878
789 298
228 628
466 193
747 336
988 94
590 830
993 816
991 837
779 477
745 578
528 219
124 660
984 941
34 140
219 136
951 251
745 192
106 266
34 255
133 91
556 152
284 635
323 7
281 1000
592 716
646 937
6 8
581 652
820 980
34 961
94 721
367 839
136 150
817 558
470 52
919 881
134 511
49 1
251 71
363 641
808 786
312 961
76 769
620 952
455 70
186 841
308 444
670 511
967 171
914 53
627 574
520 452
300 870
740 758
341 269
108 8
143 571
630 141
634 192
887 278
869 807
803 82
343 884
235 919
770 950
754 617
738 584
667 34
562 308
581 488
230 654
710 132
236 379
18 706
292 37
684 999
141 578
679 776
956 243
157 786
653 173
766 270
469 892
337 502
447 633
107 268
608 791
353 652
599 619
102 1
570 351
861 300
185 955
537 398
287 775
636 348
270 764
810 182
880 746
457 527
431 811
512 331
826 39
2 549
373 616
261 296
427 48
154 664
929 278
124 414
52 419
576 589
589 196
111 128
243 312
685 689
629 979
746 94
142 724
733 677
167 5
596 919
194 255
195 330
323 257
273 756
91 877
474 159
851 791
97 80
929 993
177 836
531 917
274 214
215 172
731 682
569 187
915 419
425 211
562 916
411 896
331 233
908 639
160 511
273 48
274 267
347 835
403 597
867 152
834 371
728 242
47 2
361 783
910 132
175 201
382 919
255 495
934 830
701 1
210 598
580 982
961 892
763 456
641 894
714 156
397 160
317 905
211 250
11 229
86 699
330 276
391 981
49 324
550 712
311 220
161 846
576 115
850 366
44 441
945 130
940 193
992 227
495 784
499 469
434 536
73 424
900 845
116 74
334 1
798 496
442 794
551 744
128 770
253 682
15 543
366 769
385 262
410 755
91 58
592 517
573 862
567 352
475 776
811 178
349 879
924 627
872 420
854 756
910 522
252 94
988 586
792 229
425 412
868 944
751 708
360 231
750 436
735 416
403 437
744 13
692 501
638 617
380 361
451 667
293 366
223 237
152 610
65 199
827 15
569 215
26 730
528 872
835 628
18 70
346 587
249 380
199 414
135 690
282 866
619 983
144 783
515 784
312 565
848 856
451 758
930 272
961 969
302 67
767 437
244 175
37 318
611 921
832 90
795 334
801 977
931 798
344 920
221 162
3 371
667 776
852 260
600 341
709 413
233 364
675 261
418 806
202 721
224 121
666 64
482 673
279 407
861 483
239 307
367 366
168 592
483 869
104 622
266 197
716 845
219 175
607 784
629 1000
850 7
909 702
768 830
988 921
803 915
115 31
78 145
941 365
826 223
59 740
281 76
523 149
923 927
488 122
716 642
355 746
726 495
345 256
842 980
312 183
419 893
248 980
280 405
893 487
806 486
497 478
407 425
906 472
583 720
324 821
660 815
437 754
19 170
938 73
612 32
5 414
796 447
624 670
610 961
4 958
919 419
503 486
601 895
865 757
188 286
557 899
448 499
655 266
536 642
481 381
465 784
815 80
305 687
625 358
22 780
584 588
500 318
256 706
527 116
749 701
571 549
878 931
112 270
899 122
633 988
444 325
729 433
72 620
365 837
300 900
514 206
951 423
419 110
735 540
978 259
836 997
547 362
694 463
509 139
707 592
568 463
325 265
827 91
684 320
421 806
619 285
474 324
699 133
516 821
258 581
318 557
341 660
825 735
189 832
461 219
390 217
48 384
385 511
850 781
157 147
843 604
660 126
793 411
8 765
236 51
925 110
959 781
638 711
932 105
475 737
584 773
82 965
726 378
947 635
195 766
656 892
61 729
145 79
209 462
82 852
800 855
855 819
363 529
200 791
113 42
924 200
28 53
835 447
108 363
56 438
757 626
522 703
597 217
32 175
592 571
151 174
679 421
268 330
126 530
776 32
952 991
862 166
620 836
523 936
818 824
156 695
748 57
452 526
640 844
457 400
3 28
331 443
357 695
672 349
875 198
306 247
568 670
610 41
314 730
282 124
728 932
213 548
514 291
110 832
793 872
171 844
603 833
286 431
309 982
914 664
40 309
975 1
106 679
619 475
505 591
715 972
246 938
102 6
254 221
438 4
242 701
888 571
863 483
242 780
278 556
372 447
873 118
86 613
196 237
369 282
626 614
186 327
974 404
498 501
182 632
730 696
586 676
720 382
797 278
302 940
157 119
530 755
994 474
859 69
73 856
169 537
756 763
939 45
777 858
372 716
468 515
449 921
505 400
925 483
639 931
713 793
271 145
368 262
384 571
848 240
246 315
416 908
75 385
26 711
657 470
835 411
468 848
565 302
644 179
509 387
189 10
486 596
622 800
606 357
776 218
124 94
501 185
818 845
265 603
643 266
188 437
445 322
763 459
698 209
896 958
187 759
79 781
248 263
47 355
50 5
452 753
827 967
365 892
524 797
706 600
231 87
487 425
832 945
421 523
740 815
176 834
664 278
309 554
149 913
611 602
724 795
173 107
323 642
694 439
516 751
684 377
692 677
772 85
383 991
776 963
875 639
661 8
64 964
319 180
376 982
858 422
774 168
209 74
300 295
469 728
103 690
640 140
551 862
577 908
294 461
58 354
891 387
284 723
267 55
214 148
215 837
402 866
42 269
731 491
437 364
815 635
962 221
673 22
711 442
935 178
750 184
998 790
88 865
696 96
414 743
808 634
98 540
937 282
549 653
787 248
271 395
365 284
882 646
277 842
762 848
371 24
735 363
23 427
62 407
784 673
490 654
628 936
438 529
184 752
120 750
802 703
766 756
641 635
992 785
166 738
996 889
941 168
249 808
50 779
897 770
681 763
370 556
603 550
567 131
152 966
45 389
41 741
723 385
138 265
653 470
544 472
643 593
149 151
975 287
656 341
675 243
327 956
851 402
410 724
566 123
750 644
352 916
227 362
977 24
669 354
353 461
587 985
16 722
975 930
778 972
181 937
596 968
868 85
445 996
319 799
378 441
251 957
255 925
739 960
61 692
100 142
411 813
322 128
51 450
544 55
402 104
939 275
902 933
192 700
618 990
351 880
114 689
503 481
160 457
507 994
308 753
113 367
701 358
593 549
647 768
799 809
832 912
913 158
754 496
810 302
408 866
394 955
526 482
782 904
676 395
606 204
808 259
791 970
539 149
98 511
207 259
377 44
738 19
143 612
936 103
442 496
776 496
706 529
726 596
486 969
210 464
757 66
903 434
652 242
46 97
250 516
785 279
733 505
478 524
696 631
675 288
186 223
447 724
249 693
603 514
552 324
145 914
292 967
849 390
776 780
742 75
759 806
33 721
829 805
508 309
521 868
719 841
78 67
206 948
67 616
200 205
148 117
441 229
150 719
118 962
528 746
893 168
489 674
551 870
516 382
629 670
814 346
881 369
989 870
848 390
540 580
264 983
829 209
431 341
413 298
808 788
241 99
43 821
377 547
123 3
621 256
462 528
218 309
56 456
184 253
688 573
66 225
179 386
899 925
225 870
38 974
886 799
943 460
468 940
843 104
717 527
97 910
900 647
79 522
578 247
212 425
978 675
150 351
616 461
891 725
684 850
283 319
736 513
843 759
496 714
943 768
629 111
734 159
244 143
292 773
311 107
297 681
542 765
637 545
345 993
672 794
654 670
788 660
497 639
188 564
543 98
820 741
875 658
284 554
546 309
394 38
399 267
955 395
133 731
405 934
542 185
855 402
165 533
713 429
162 189
512 107
930 182
468 683
612 308
65 991
707 24
446 76
638 736
734 995
54 401
882 46
977 770
385 890
122 907
998 664
123 190
837 790
240 498
994 711
344 304
289 497
308 395
660 736
234 926
631 143
744 817
47 814
873 723
551 334
241 796
784 150
687 894
190 970
361 892
145 99
990 965
900 469
968 733
613 610
541 453
999 905
710 452
235 996
970 145
383 164
772 175
41 163
832 338
944 828
248 409
246 228
691 25
503 719
1 733
460 770
763 443
268 77
487 91
642 350
348 803
832 112
500 230
895 632
128 631
738 358
615 940
136 950
858 867
340 702
841 119
770 367
4 192
884 632
651 498
118 639
301 181
84 699
141 524
111 738
497 650
370 408
650 550
231 645
488 421
232 472
450 435
128 179
50 680
664 148
794 539
505 791
447 83
68 772
197 696
578 601
543 757
856 602
54 450
310 632
612 296
777 885
775 422
501 695
215 821
990 613
928 342
358 807
215 682
178 802
797 140
32 10
90 304
878 329
825 323
293 509
3 728
957 17
86 300
640 632
164 622
493 742
995 124
479 279
891 959
964 929
625 239
682 382
23 426
981 162
529 481
184 514
627 790
120 640
729 984
752 69
1 569
142 128
610 127
957 266
637 790
801 870
966 88
642 290
883 650
371 478
373 372
784 991
144 446
880 872
484 886
106 34
945 172
230 438
983 620
624 365
37 542
420 362
667 955
528 99
358 458
819 612
420 842
261 571
79 292
907 249
878 987
382 303
208 446
885 412
499 209
228 945
944 66
590 963
1 546
285 455
829 778
632 292
410 836
324 642
592 882
187 283
43 42
850 694
774 61
946 953
673 215
813 579
470 47
403 98
612 460
377 917
436 26
682 798
706 136
320 627
764 118
359 946
964 592
416 70
477 547
65 992
785 162
967 192
352 819
848 840
21 866
538 206
446 753
152 358
38 431
639 553
795 343
801 13
300 721
351 259
891 712
412 711
253 751
348 709
97 835
871 283
639 271
622 571
380 212
974 544
222 837
596 210
411 438
218 948
499 369
409 153
942 45
432 278
628 722
248 262
164 806
201 158
12 225
382 245
921 886
375 736
233 223
774 452
854 886
570 297
606 555
521 875
317 256
6 237
357 55
379 451
287 103
474 501
458 990
891 231
180 647
788 70
259 784
565 788
256 334
719 543
280 324
707 63
312 85
320 544
610 315
949 407
610 641
238 838
900 220
653 516
873 758
195 542
714 562
52 957
435 47
401 131
187 926
350 190
723 704
99 122
84 270
29 411
322 391
431 27
198 370
697 689
825 484
640 522
978 782
782 479
431 136
4 350
351 929
559 140
744 515
709 543
50 396
268 475
454 426
148 769
813 625
347 552
83 300
88 150
235 25
11 113
352 283
234 580
776 493
791 451
908 154
66 725
585 867
32 621
969 412
328 276
88 817
722 838
44 464
167 268
717 907
880 944
239 407
934 733
757 470
560 574
502 38
658 659
328 242
435 822
681 562
702 996
279 633
319 444
712 856
935 614
901 914
667 528
297 928
953 451
992 407
868 554
460 252
262 103
819 890
548 388
219 6
333 50
464 175
427 53
870 283
531 587
910 557
716 708
977 240
376 891
156 307
622 234
261 416
872 105
922 297
694 678
21 410
511 574
664 373
425 327
958 123
796 370
190 961
997 479
69 784
286 999
952 48
806 191
170 405
445 13
691 717
572 577
208 639
635 56
839 82
696 164
53 617
476 596
147 748
22 1000
939 632
333 809
373 972
378 946
572 446
841 669
957 116
634 227
246 229
853 323
838 409
804 281
198 120
274 552
117 120
83 456
984 445
676 339
144 196
491 159
516 292
476 233
23 212
260 762
64 491
945 310
69 118
343 635
120 946
248 231
844 465
982 890
92 424
420 375
3 425
595 67
64 649
728 672
68 321
842 788
839 692
404 195
496 804
320 813
483 842
724 916
638 208
20 787
851 267
746 95
141 749
834 554
409 653
85 740
384 989
457 697
115 437
672 321
778 165
414 281
965 836
459 384
756 682
782 778
760 685
941 552
431 558
289 193
552 857
329 893
865 915
265 441
1000 238
811 482
498 987
541 21
941 859
692 103
344 269
91 616
700 954
539 508
985 4
906 152
311 712
77 949
943 893
411 30
620 272
52 740
700 664
406 279
374 411
417 974
397 112
883 879
368 224
944 985
636 601
841 423
165 869
904 747
938 65
942 22
747 74
418 690
992 787
506 746
614 265
144 349
491 566
76 664
956 404
917 728
267 735
309 302
880 678
756 121
684 494
8 791
372 322
767 603
915 578
128 144
203 756
722 200
150 545
462 375
547 570
237 973
882 258
133 786
105 363
755 161
719 570
116 621
177 935
604 970
592 770
913 641
365 75
366 348
259 610
26 795
372 949
13 592
428 647
251 44
839 359
786 881
705 839
271 376
683 776
730 293
986 971
492 112
313 675
460 534
498 673
701 213
739 414
431 399
904 937
523 897
268 304
288 478
40 175
659 104
541 573
69 300
911 607
576 144
204 753
540 379
511 766
490 386
313 548
991 530
426 938
465 576
999 7
547 414
986 726
657 322
934 694
427 524
766 353
992 174
96 83
979 920
632 1
380 667
171 655
346 635
456 123
229 362
656 292
877 157
987 274
653 661
958 689
980 342
655 755
893 68
710 634
777 577
850 889
9 431
618 493
413 149
15 705
988 751
217 235
339 750
209 144
816 952
498 341
109 375
552 898
419 653
206 711
319 940
944 71
55 998
385 670
851 895
928 288
251 91
752 740
569 50
293 338
829 608
579 137
673 476
895 739
677 572
750 226
218 307
921 970
715 214
882 893
207 594
713 83
929 518
963 516
416 833
971 49
460 570
374 80
23 439
144 827
730 750
183 634
899 189
166 364
890 930
61 154
191 779
914 354
204 646
761 199
945 440
452 664
624 121
608 606
194 868
734 242
810 546
595 328
306 325
490 486
787 750
149 777
650 814
695 405
973 112
197 253
969 108
914 663
771 802
19 969
13 24
560 575
888 412
870 220
585 92
414 374
827 11
41 658
297 824
48 242
927 60
109 611
642 188
1 44
223 787
905 603
159 343
483 527
181 39
376 957
220 758
370 167
194 985
60 920
54 373
972 712
557 354
299 126
63 233
484 50
255 881
346 63
890 688
963 932
843 714
368 682
954 673
648 972
904 342
635 876
212 523
380 321
952 66
6 439
373 568
543 966
468 748
325 677
911 930
803 877
330 717
541 161
65 104
484 630
892 347
89 98
71 86
308 832
875 114
437 600
7 489
766 771
308 86
38 500
339 7
784 696
366 603
86 480
993 826
786 490
402 483
645 421
45 601
13 59
507 650
619 781
452 764
897 537
326 221
714 223
351 698
500 224
379 977
451 572
918 96
371 373
443 64
69 6
533 919
995 624
832 784
82 147
231 822
641 591
235 435
994 636
885 277
595 606
374 794
1 8
534 402
112 789
993 892
831 628
443 415
816 147
596 837
400 784
537 738
863 948
629 562
724 228
307 710
896 582
717 431
294 448
225 805
137 395
545 262
506 618
397 969
218 38
471 312
394 575
26 917
356 232
65 238
365 102
59 40
976 21
172 522
967 841
445 191
194 481
985 410
591 116
159 941
546 538
762 748
523 646
187 985
867 43
575 378
550 44
614 883
163 537
45 556
687 909
778 939
400 157
810 472
210 764
101 483
102 385
653 15
691 228
400 729
75 635
918 413
373 370
368 467
508 735
111 546
576 83
171 905
796 680
512 971
676 86
888 84
442 172
244 112
373 404
746 926
209 645
385 142
609 398
497 692
439 777
810 943
797 919
319 503
980 531
965 321
771 536
621 56
345 863
803 395
287 762
509 950
845 828
224 714
465 176
301 970
820 590
869 7
872 373
645 216
627 493
559 50
797 475
1000 217
930 252
733 745
928 261
964 451
132 253
498 877
373 591
213 502
17 683
143 415
42 14
649 62
941 290
322 270
240 139
197 734
477 594
521 116
260 232
798 616
899 819
645 219
313 674
388 308
710 609
946 330
322 464
571 859
60 220
762 994
47 454
936 475
316 37
639 265
362 295
383 463
295 857
853 406
779 532
102 429
528 276
643 101
6 646
421 639
27 728
84 799
362 217
779 216
883 537
930 897
741 987
499 480
872 774
598 768
894 187
399 348
344 755
474 558
760 187
577 539
638 188
659 793
36 376
372 304
543 139
853 815
984 946
480 721
216 951
548 354
417 224
113 529
498 461
198 906
200 351
186 286
941 734
768 60
588 405
289 2
276 771
557 398
191 144
20 264
627 508
351 350
333 767
850 555
119 210
636 504
360 803
638 602
843 702
535 860
332 441
61 725
212 615
741 76
874 939
446 256
393 404
515 545
259 383
248 674
782 73
144 941
201 556
117 231
653 495
910 173
435 207
308 583
147 579
5 545
635 380
549 932
252 804
291 908
59 440
866 40
577 443
814 312
842 1
666 371
460 872
714 71
298 99
909 252
581 245
250 551
32 734
589 810
291 123
789 472
274 887
758 465
757 468
272 348
519 720
650 513
742 411
944 302
181 441
989 274
383 551
846 389
684 288
975 291
814 871
727 386
360 308
685 906
334 200
318 717
971 805
599 537
702 599
774 192
831 305
637 98
86 744
24 892
603 948
237 916
39 226
737 43
928 623
621 558
33 77
720 257
403 47
43 116
996 86
815 754
708 866
33 62
531 811
548 715
401 434
981 855
213 317
218 357
129 764
138 610
714 709
217 43
476 816
683 194
481 622
564 71
389 783
89 97
127 505
149 979
236 921
829 470
541 450
209 857
726 838
268 362
195 794
154 321
452 622
18 656
278 722
810 628
353 231
887 614
835 987
32 540
839 771
382 890
808 109
226 478
447 954
952 250
88 483
382 197
111 521
455 907
974 905
364 598
371 372
813 373
340 697
897 826
129 336
97 452
296 520
42 802
149 14
542 623
376 252
374 795
361 104
841 854
594 134
354 995
326 373
462 494
428 202
410 589
765 239
860 197
272 614
826 85
298 497
224 815
209 61
450 289
733 994
293 981
793 309
979 542
67 56
642 839
967 661
713 590
197 677
163 621
629 674
337 802
104 51
637 247
731 126
74 855
60 774
960 796
426 104
764 254
51 637
437 360
61 684
682 411
397 682
949 461
218 377
186 923
463 665
778 743
338 57
960 681
855 612
944 540
990 789
369 989
447 479
714 987
466 790
942 715
9 749
528 523
47 45
909 386
677 166
739 501
745 880
162 888
986 646
469 42
843 275
257 596
754 682
631 720
317 936
899 402
97 6
904 636
637 900
977 448
359 130
586 66
895 476
608 758
954 494
402 681
496 612
832 974
742 321
102 224
324 186
15 717
629 209
850 222
291 899
945 50
215 432
662 241
77 431
3 532
764 751
984 983
290 216
399 430
1 107
689 390
381 312
447 402
693 598
607 940
846 108
116 841
172 171
444 960
927 789
163 952
479 914
263 397
341 989
33 388
111 199
446 184
618 681
372 685
682 906
440 113
811 34
960 888
225 945
337 671
319 795
303 390
929 51
692 85
75 367
320 630
872 414
40 597
520 351
973 411
62 202
445 194
568 75
437 622
422 242
683 793
796 43
709 774
998 897
412 316
415 911
668 109
339 673
502 191
340 206
251 509
142 380
592 479
442 666
424 97
27 12
778 844
111 303
462 319
508 943
142 495
516 216
176 593
49 677
545 568
809 227
259 222
443 941
892 909
780 292
356 950
676 149
89 533
522 17
109 682
771 187
646 195
170 830
193 759
606 893
318 869
796 653
55 985
625 677
220 95
976 425
77 450
719 55
386 489
49 97
710 862
189 455
332 528
663 716
512 163
501 597
999 372
747 487
729 880
764 610
301 924
840 82
141 819
794 559
530 889
413 147
52 469
567 310
788 65
884 855
534 677
958 913
760 888
29 931
251 895
677 887
803 644
551 866
423 975
941 622
803 533
886 710
703 52
155 738
617 307
86 30
342 116
713 864
735 487
939 226
346 746
666 781
66 253
714 561
752 452
337 639
511 662
394 823
972 328
739 47
835 704
412 695
382 637
511 91
518 983
830 965
373 102
49 624
921 945
473 326
463 149
451 693
838 451
735 857
663 44
610 963
230 275
580 292
328 279
663 413
701 842
794 220
995 629
118 740
637 588
638 511
529 857
412 891
516 609
205 544
697 529
188 978
980 374
35 97
185 588
591 92
614 215
909 543
21 47
261 624
724 994
376 848
855 328
877 746
606 522
629 939
462 258
289 131
927 860
660 313
789 923
383 772
519 6
423 429
741 434
689 351
564 669
603 433
220 615
518 186
595 597
5 936
998 434
329 484
198 774
56 795
220 534
832 530
670 144
251 904
967 982
716 342
402 906
220 901
761 843
668 401
725 736
802 363
329 727
5 64
651 594
265 275
568 148
87 580
422 171
762 726
890 259
164 277
269 348
736 997
271 434
661 774
761 534
134 654
395 650
473 882
458 230
23 386
411 164
620 446
235 984
677 129
770 997
615 629
874 561
395 616
469 599
606 136
273 340
443 868
900 646
903 609
373 156
103 7
514 256
55 160
148 518
3 869
230 398
395 167
503 926
700 170
656 564
150 335
614 352
118 627
619 442
652 500
664 587
884 46
520 751
427 743
232 589
432 63
985 770
551 631
988 947
772 864
954 15
168 664
8 973
686 446
615 364
803 382
953 185
328 862
789 959
516 921
224 671
777 927
975 548
815 947
409 515
294 451
200 408
842 811
526 523
664 7
125 466
452 449
595 625
869 114
946 913
790 711
17 931
290 377
642 706
526 604
468 556
289 183
517 879
803 954
960 571
777 91
568 176
520 307
132 428
828 484
761 974
375 301
947 852
895 522
915 306
735 221
368 5
900 38
922 538
818 667
1000 714
934 513
891 351
22 907
424 390
83 651
193 351
253 711
255 393
184 518
575 602
710 183
666 313
832 33
26 152
474 822
625 606
734 200
3 232
791 131
376 460
291 165
115 937
421 528
678 692
709 391
909 837
568 953
628 361
497 729
261 81
658 128
813 122
64 519
138 306
230 148
486 354
162 428
385 203
133 637
27 758
16 553
327 955
552 651
408 230
720 541
992 338
101 26
705 685
751 808
689 383
641 171
683 304
816 374
580 72
413 63
877 762
168 914
760 716
523 280
727 24
588 450
781 837
786 989
473 494
168 470
275 160
367 526
545 2
228 115
290 639
664 524
687 575
725 265
619 762
170 610
976 750
253 818
398 201
626 510
332 373
9 814
283 155
543 809
182 911
190 766
895 696
165 36
45 526
118 76
924 311
448 120
138 549
696 462
553 459
700 302
187 709
170 541
101 823
468 218
307 348
662 854
919 408
792 976
309 843
880 825
79 337
828 57
331 755
153 247
746 734
36 132
55 232
738 298
443 138
304 212
512 937
659 938
785 411
607 604
756 186
3 482
301 249
874 205
31 16
202 590
814 841
121 630
289 834
660 439
182 55
947 950
21 123
996 463
413 225
20 69
314 194
850 884
133 526
376 531
712 109
145 634
971 648
328 662
920 122
555 358
15 346
513 635
163 693
802 879
77 871
481 870
81 364
750 118
770 224
368 272
114 492
186 993
227 215
692 427
877 913
513 520
109 39
181 682
42 224
455 297
635 163
591 766
184 369
437 577
295 302
498 625
924 117
1000 755
73 604
986 938
291 592
346 525
900 510
351 796
593 182
456 992
164 305
147 581
123 578
986 716
629 340
278 152
795 494
175 256
453 110
501 70
771 9
790 295
336 884
709 317
932 589
288 731
453 255
951 272
917 905
849 682
760 507
153 211
210 996
871 25
421 994
172 296
463 347
67 514
988 138
24 719
119 814
141 628
474 691
6 818
559 546
660 331
571 112
220 322
498 412
138 93
306 42
388 517
618 371
838 832
409 550
447 58
15 294
586 686
593 250
498 126
280 309
134 176
928 609
251 794
694 920
863 627
834 791
963 937
50 907
420 660
590 328
312 226
360 769
252 279
659 209
915 59
241 2
298 219
407 495
350 260
925 366
32 483
674 942
903 534
311 883
562 911
887 551
454 857
420 985
394 808
786 86
623 599
505 349
269 444
207 416
78 984
910 143
435 301
329 274
465 850
856 93
231 367
786 376
18 654
994 247
689 579
563 86
331 554
645 647
297 494
615 858
322 939
112 496
71 548
538 58
836 827
25 489
505 621
803 178
876 548
3 570
339 498
305 262
825 575
537 115
646 703
115 155
564 860
761 876
517 674
989 485
148 187
205 438
840 107
713 483
931 308
309 488
402 698
607 987
955 426
427 21
465 218
104 934
51 673
510 98
115 294
354 690
265 195
623 70
950 274
649 293
47 634
599 57
359 820
282 861
517 870
683 2
649 438
887 226
601 909
303 349
964 633
346 816
934 401
458 470
720 13
824 91
674 946
593 674
960 683
633 292
230 781
411 101
666 770
770 676
437 953
648 88
408 925
920 558
453 258
14 429
127 767
202 181
333 551
922 650
170 663
708 254
89 285
829 105
800 448
35 333
519 999
315 205
277 95
799 375
328 336
111 559
93 112
700 216
168 313
261 772
758 834
797 882
193 666
968 256
70 320
418 801
970 882
609 18
97 486
343 377
485 864
185 907
521 993
168 599
386 434
922 352
444 764
963 404
871 775
92 174
936 604
719 883
578 869
300 483
840 56
115 484
100 368
837 661
918 574
855 81
206 751
454 741
392 246
191 206
903 977
90 511
471 590
772 892
772 665
60 667
795 552
796 263
657 591
530 471
544 72
791 810
184 231
84 384
288 133
342 840
80 574
717 916
21 877
117 760
815 379
105 820
731 536
19 388
661 829
791 738
188 277
460 530
173 711
451 957
490 605
936 335
19 501
203 368
279 45
874 743
891 719
35 523
587 214
715 413
4 502
550 753
852 210
727 966
344 809
397 225
838 356
574 419
745 739
979 622
165 662
701 804
728 132
919 198
492 654
746 735
84 794
233 416
838 135
973 58
769 844
664 742
476 92
81 628
766 357
586 247
538 114
442 79
104 953
409 958
104 546
945 92
729 709
767 773
58 415
976 630
519 382
847 157
888 98
543 116
836 130
728 523
12 508
823 900
8 823
548 365
533 31
402 627
460 739
771 646
116 943
372 465
55 566
380 996
896 117
977 126
764 863
548 251
517 924
155 631
851 658
358 902
768 174
255 814
269 963
111 330
42 463
462 992
565 49
177 848
531 897
949 402
553 985
557 685
602 54
839 327
877 912
255 524
513 810
554 437
960 612
498 543
139 953
160 124
363 423
585 852
866 338
518 683
501 317
304 855
696 141
164 419
520 91
385 607
98 187
808 342
60 227
499 901
598 359
290 912
372 729
351 573
465 902
505 389
33 855
288 621
771 8
639 191
109 652
866 777
685 451
499 336
406 172
710 926
876 434
460 412
862 741
233 301
766 385
470 706
362 75
805 587
37 721
495 885
244 427
673 741
672 784
983 896
659 822
82 440
917 498
42 988
479 673
315 320
379 25
393 654
157 445
664 318
198 575
346 374
239 225
422 515
59 839
18 337
10 129
80 197
729 963
167 981
335 675
46 946
90 226
119 124
447 595
613 246
392 336
618 348
233 762
911 283
824 435
77 953
485 468
18 297
536 150
764 68
927 658
863 272
340 526
299 673
651 596
74 611
365 160
757 686
761 683
744 823
201 636
754 336
356 564
347 859
847 578
334 947
939 639
890 227
657 194
696 280
1 678
148 947
574 281
278 202
61 186
979 427
84 13
377 125
585 544
639 381
876 97
696 391
53 790
644 879
738 30
611 788
798 573
16 500
514 367
735 703
86 243
796 977
603 821
639 83
328 309
220 227
629 73
199 930
176 935
106 246
378 627
325 424
823 185
651 488
338 37
802 628
604 264
666 231
836 843
837 414
593 508
736 111
849 448
928 817
694 168
879 356
677 378
475 98
662 458
591 336
884 206
190 475
929 345
819 861
101 117
270 450
72 325
937 839
194 535
994 494
651 773
284 298
949 40
419 841
829 962
311 944
919 689
756 597
995 311
333 644
215 672
825 212
83 830
412 420
711 320
568 178
368 424
296 405
683 803
367 714
407 806
687 683
599 399
964 792
382 729
623 517
271 400
536 575
80 395
133 415
959 519
341 348
847 575
416 713
406 296
579 752
468 81
142 278
201 890
316 29
386 79
245 18
388 541
378 693
594 549
326 844
775 649
432 511
73 483
680 149
419 203
497 735
59 48
912 297
426 725
690 370
513 299
236 1000
167 558
684 340
836 175
856 44
345 844
685 958
751 333
293 869
724 651
929 357
460 509
788 424
683 306
846 226
479 927
724 762
393 928
401 605
900 743
21 680
738 938
78 443
725 580
91 134
621 755
33 10
566 156
768 195
533 333
76 168
518 19
760 573
449 506
639 915
432 744
569 25
623 202
39 816
229 535
838 911
655 207
843 871
649 580
743 774
265 297
694 869
644 227
131 304
645 618
16 519
450 742
52 854
242 629
146 239
523 823
644 748
378 900
786 415
878 585
437 781
316 178
618 742
156 683
748 205
770 939
992 615
889 481
266 730
504 833
865 344
442 507
494 944
532 202
64 441
861 236
514 343
934 600
24 983
645 667
641 400
918 282
490 30
220 171
19 944
399 790
193 753
207 868
50 806
443 63
845 617
883 394
24 757
611 667
595 126
893 502
836 892
379 763
250 737
978 29
473 507
581 960
768 867
880 711
82 377
71 909
105 40
94 956
664 163
239 61
392 550
346 181
493 322
258 895
372 577
891 467
48 279
121 967
12 690
570 132
792 182
502 675
673 245
160 800
712 333
750 389
823 587
789 267
558 847
8 372
100 218
411 657
570 998
934 335
882 916
208 875
319 699
831 640
807 932
223 45
407 314
981 913
390 334
89 9
326 302
308 301
355 202
549 846
951 942
273 67
22 966
929 886
498 766
913 393
639 459
367 325
666 605
424 64
45 624
796 808
395 577
70 973
410 425
894 915
593 804
528 741
749 104
273 510
878 372
29 498
788 974
463 436
637 585
54 659
102 983
870 209
249 513
92 113
789 341
2 873
367 313
73 253
656 502
694 338
681 581
556 343
388 737
580 349
176 11
394 94
570 471
309 353
582 422
663 578
760 953
558 364
141 676
697 678
142 562
773 500
976 768
224 613
522 180
405 528
449 640
410 902
985 630
949 211
881 645
698 341
938 856
91 444
985 743
877 849
713 688
481 822
609 999
152 877
189 463
891 221
713 769
517 145
78 653
890 415
856 739
51 259
514 953
307 173
402 171
442 908
77 619
563 412
341 470
398 135
925 533
87 871
264 167
356 658
734 294
558 528
388 264
252 981
350 446
978 639
596 306
515 821
78 240
53 789
519 876
773 524
705 334
690 154
448 209
601 269
620 95
491 149
623 932
297 492
743 355
547 460
37 402
24 527
107 338
969 695
1 353
76 995
183 25
956 287
391 44
589 603
77 391
222 688
11 25
823 94
111 856
93 701
205 291
171 735
160 684
177 322
661 16
310 166
662 459
612 610
924 678
177 723
909 738
710 736
641 76
536 422
224 658
229 221
851 623
926 127
87 33
350 685
191 71
103 827
113 831
576 137
958 831
116 646
265 82
548 747
398 470
275 137
379 619
902 806
555 357
798 855
268 966
674 833
476 865
916 646
845 296
593 279
445 186
611 375
503 349
12 879
482 417
711 208
971 111
236 945
614 997
27 183
621 227
895 900
109 783
2 459
869 789
840 817
639 387
416 765
827 541
960 506
923 238
174 932
486 842
412 617
306 36
107 981
182 627
364 370
771 50
939 888
762 173
598 543
822 899
658 928
610 489
993 471
866 863
226 510
463 511
176 663
362 238
701 655
707 750
140 897
125 349
721 574
576 114
867 712
616 968
766 478
125 462
629 846
480 347
764 747
980 536
563 624
789 530
231 678
128 231
885 613
119 641
449 957
690 597
417 223
439 554
484 145
161 210
977 723
719 138
187 45
10 41
803 748
493 238
275 455
688 348
85 484
102 514
276 987
243 616
393 129
214 59
787 465
769 558
367 523
995 338
778 308
997 384
564 229
344 320
287 30
848 176
817 875
263 994
255 328
915 339
669 704
374 78
620 370
13 156
786 412
662 523
26 473
283 442
140 353
17 234
145 445
593 831
903 644
909 51
197 481
128 744
92 729
753 689
404 589
611 815
49 298
549 237
977 636
884 835
44 378
135 845
908 467
875 896
299 520
93 750
422 827
701 516
387 580
962 772
768 757
474 730
497 587
168 565
558 486
563 588
927 215
529 556
141 734
367 506
993 959
522 447
138 420
391 794
712 973
287 709
404 320
189 855
815 903
228 914
449 522
567 306
788 77
661 185
78 357
15 380
843 599
916 489
522 96
66 420
357 355
345 363
553 846
698 289
369 93
441 824
925 22
892 111
930 396
843 693
536 301
458 413
424 517
478 568
377 555
928 149
235 581
696 945
15 131
553 616
971 201
908 550
869 762
122 849
911 965
944 544
773 996
499 873
407 170
947 913
299 979
787 824
58 84
61 35
445 452
819 203
378 921
309 389
216 783
681 238
797 65
238 645
494 883
597 962
869 813
178 80
808 231
403 801
637 870
454 316
972 608
984 343
322 834
362 151
605 377
634 283
193 727
323 512
809 509
495 774
906 513
852 325
234 124
785 388
326 548
344 927
885 315
600 389
509 23
3 592
479 675
297 947
137 550
613 274
358 759
660 197
340 409
661 108
171 400
798 207
786 751
238 408
781 936
584 454
640 40
473 265
56 799
705 630
120 734
434 959
683 27
521 324
669 68
424 148
199 245
167 283
260 399
213 425
604 686
645 124
422 175
173 875
501 366
584 284
900 78
852 967
892 448
681 185
554 201
41 26
761 395
583 70
126 567
718 987
81 291
369 534
387 435
923 5
562 383
430 503
992 544
636 443
791 10
204 672
907 757
601 268
486 830
567 611
738 143
563 968
340 343
738 320
129 314
686 6
378 448
355 988
883 468
656 776
136 781
193 812
177 103
905 203
383 625
411 872
651 379
120 151
764 704
230 236
71 980
845 897
889 581
712 970
932 759
256 112
833 842
645 423
844 224
38 541
794 611
299 195
889 679
418 335
60 940
477 285
172 994
600 989
539 806
394 572
206 513
779 287
621 670
720 21
217 872
380 268
843 748
459 231
481 931
812 673
687 599
872 76
673 45
714 659
555 65
134 588
104 357
507 864
15 251
204 768
298 333
544 429
448 370
933 213
517 406
442 784
888 832
460 489
299 941
692 140
749 429
165 12
415 166
667 454
151 233
120 537
869 788
529 473
623 741
863 202
892 714
16 323
435 443
516 368
791 46
169 363
377 668
64 95
227 573
176 569
179 958
326 819
68 253
936 3
249 838
699 292
439 97
595 503
670 566
282 300
429 75
603 896
605 210
112 585
756 162
371 196
227 872
641 284
658 722
71 811
989 292
239 325
439 775
866 529
409 848
68 51
695 118
370 263
687 874
347 831
159 277
616 694
589 416
737 405
152 29
63 841
121 696
33 302
548 475
931 469
68 12
773 442
703 825
635 607
910 637
215 239
568 296
381 487
642 563
249 381
694 839
517 822
20 370
114 117
904 389
777 153
742 627
32 320
587 574
933 518
284 46
584 221
199 189
459 16
777 123
892 298
431 414
198 511
414 712
772 442
104 824
904 114
834 239
780 993
820 430
143 699
679 469
95 146
288 358
669 663
93 493
130 665
523 902
386 958
531 512
378 868
474 871
349 918
870 969
463 45
304 490
438 869
280 579
10 910
870 856
784 51
113 431
785 270
11 55
310 291
205 567
791 272
908 460
656 125
875 899
180 843
362 82
515 306
20 764
461 798
543 224
413 987
936 940
560 872
577 910
64 615
447 300
430 602
642 834
521 659
722 20
906 991
708 455
391 789
964 105
747 619
340 835
897 176
945 407
833 818
229 117
632 349
997 112
376 646
863 539
955 529
756 745
133 896
319 981
121 950
877 875
271 22
879 237
185 465
794 893
299 85
105 618
593 461
976 467
761 803
393 269
69 804
99 21
852 573
70 662
507 808
45 666
950 874
772 414
773 995
449 347
528 938
891 910
263 961
273 65
476 584
153 667
869 417
838 282
373 140
877 320
491 397
623 684
292 330
536 744
207 377
389 652
710 352
876 120
624 993
255 77
353 221
575 926
62 551
504 863
123 567
197 452
879 792
97 208
705 273
335 74
227 629
232 809
693 932
885 940
463 438
50 889
60 720
991 908
596 770
710 812
125 260
474 524
756 154
23 543
449 858
266 816
983 925
875 764
987 454
861 289
96 229
663 751
98 847
559 558
582 389
585 423
949 910
613 273
225 560
978 142
37 904
453 704
949 490
993 587
6 80
65 692
135 372
543 395
391 654
215 970
608 366
369 286
869 89
561 920
85 554
180 274
753 496
254 647
259 901
843 152
575 139
321 332
583 620
450 104
87 381
990 630
475 711
422 450
501 587
427 344
469 106
138 925
964 513
507 214
553 570
574 960
887 139
542 354
446 343
263 775
527 458
142 108
181 650
455 31
368 399
229 702
472 157
224 29
587 437
532 530
331 371
835 675
123 757
51 80
610 225
611 136
294 724
268 503
775 857
841 335
645 575
738 140
909 164
499 640
788 886
447 928
319 567
657 370
35 290
92 305
37 400
813 367
110 725
866 667
727 606
28 868
177 102
909 941
487 641
331 925
560 929
500 828
637 333
249 628
428 37
23 656
121 562
105 85
219 205
183 430
522 372
292 560
604 216
475 916
29 712
684 498
578 575
445 756
392 480
390 159
798 40
214 307
430 275
401 630
792 65
479 821
355 763
96 677
379 225
18 505
559 438
939 3
977 212
996 112
782 463
531 845
859 296
312 21
773 136
78 636
501 559
341 150
312 900
242 381
192 682
834 25
372 968
873 549
371 852
164 512
437 532
848 869
440 670
635 111
493 733
553 321
438 717
365 419
338 561
711 23
527 893
52 659
481 479
909 13
739 328
813 689
736 450
454 261
992 956
942 30
358 225
710 74
838 159
955 756
455 869
44 400
686 35
83 202
286 493
569 791
609 22
414 433
89 846
730 649
680 295
536 413
629 844
673 674
397 838
999 334
483 465
968 482
472 291
667 720
997 889
674 332
297 373
159 276
346 301
629 622
388 586
926 462
985 914
461 189
725 976
284 666
103 712
911 303
824 511
810 744
495 354
208 100
309 377
952 291
763 445
501 658
318 120
90 507
53 245
94 515
316 393
796 259
1000 510
762 169
350 612
365 212
848 178
151 953
173 801
689 550
251 149
696 6
277 771
773 910
977 611
877 202
165 94
766 834
322 555
485 941
506 686
238 751
760 527
83 682
689 991
800 258
69 387
948 442
182 674
478 329
64 13
213 932
396 68
399 67
529 102
572 87
874 389
286 559
550 700
633 90
5 889
301 466
139 315
802 729
982 843
452 834
989 101
974 971
187 23
338 89
744 62
720 141
604 348
115 971
93 961
191 237
41 702
940 830
266 797
430 1000
732 184
846 432
115 166
589 510
106 495
401 899
497 986
16 522
132 644
704 679
889 749
263 350
195 60
33 457
967 714
586 695
897 288
848 338
962 454
302 927
668 319
150 807
466 648
855 230
548 734
843 550
220 959
114 406
623 304
964 558
587 733
558 136
973 296
869 663
503 185
235 583
752 619
750 234
971 203
460 637
248 826
344 461
217 65
331 249
408 938
355 207
731 632
74 301
520 95
408 985
196 856
213 870
745 854
435 789
644 992
41 77
870 648
959 681
841 406
235 899
697 922
662 644
330 149
98 409
782 797
554 900
520 780
425 712
853 648
666 493
192 380
376 9
53 494
819 649
641 697
173 702
709 90
306 607
571 169
478 865
1000 656
45 66
850 66
755 805
242 688
797 600
263 156
936 637
299 610
2 646
186 475
833 876
794 666
765 181
324 301
16 630
381 332
988 852
501 903
797 378
488 46
574 532
635 518
104 990
87 143
242 116
43 109
281 275
368 674
937 733
151 515
868 23
104 252
820 210
802 357
768 317
697 393
437 654
152 530
839 295
661 671
492 881
1 920
971 68
990 800
403 752
499 839
298 486
449 419
818 753
13 849
352 542
476 557
937 197
645 284
321 824
982 695
269 56
986 570
435 304
810 492
60 131
425 778
335 267
990 909
149 595
667 26
575 957
571 670
709 651
236 339
678 446
628 637
296 904
975 200
966 389
792 192
990 271
858 873
487 307
533 927
571 324
954 324
738 495
23 973
851 52
46 278
693 857
489 155
851 165
484 410
876 688
224 951
578 794
44 98
665 474
994 209
391 860
213 628
471 466
110 135
802 52
759 517
567 372
626 784
194 164
683 488
607 288
595 740
731 24
177 771
916 274
811 76
670 257
947 700
605 936
90 407
989 981
167 313
562 989
134 578
912 692
752 435
539 845
301 524
844 99
611 376
591 950
995 25
687 695
156 957
569 20
929 763
951 866
255 337
19 367
203 506
316 827
985 188
566 867
71 195
442 641
886 204
356 699
766 950
896 998
288 459
821 607
865 455
835 815
639 285
732 657
718 676
467 893
558 781
135 580
671 534
545 646
140 94
603 783
328 454
340 373
883 517
790 83
670 211
116 412
483 947
839 514
809 554
737 88
96 64
520 546
317 756
700 207
701 622
846 975
603 672
784 262
366 958
223 851
98 884
369 216
324 470
72 391
219 40
384 3
521 710
349 933
958 621
228 778
877 611
788 436
238 487
275 347
439 596
116 967
730 839
638 836
234 630
641 222
513 730
720 192
974 231
778 416
764 25
80 190
958 169
687 629
228 334
356 283
708 560
213 510
658 285
308 422
75 500
77 607
759 391
373 760
428 783
859 469
878 371
350 200
69 608
307 23
972 291
791 761
999 634
235 777
296 147
154 273
924 269
874 736
286 882
107 211
17 239
212 126
729 268
272 59
382 810
683 719
832 3
227 603
642 220
175 475
841 219
126 303
349 84
19 285
581 281
801 905
764 728
115 218
187 22
525 450
951 40
887 482
963 486
196 479
292 970
42 997
903 218
797 627
64 633
283 793
585 393
656 288
607 888
668 960
284 985
917 28
819 872
661 85
898 617
333 4
335 714
854 622
11 256
453 598
116 203
592 697
928 603
214 376
308 245
937 643
898 651
591 554
51 147
834 781
695 536
418 484
293 712
795 666
777 187
337 764
985 312
638 578
108 697
159 847
643 862
369 35
134 635
946 693
692 433
15 140
536 256
994 681
995 192
152 934
852 575
691 763
764 259
782 166
730 159
569 626
473 238
327 255
43 716
66 871
714 907
147 730
460 563
65 421
654 15
303 999
621 168
696 257
919 185
848 609
800 303
801 730
269 100
752 40
916 174
589 960
277 474
758 237
46 517
895 12
36 87
3 294
297 517
762 339
376 10
585 250
681 842
474 923
949 746
14 853
591 37
137 986
158 864
343 316
823 118
475 236
336 694
524 177
146 939
275 693
25 862
86 625
159 495
287 698
533 62
462 692
245 812
51 843
967 681
125 838
525 853
868 818
997 146
488 446
255 888
768 39
596 932
794 812
771 601
321 322
251 897
327 300
330 528
475 729
502 818
124 224
289 285
228 929
185 348
887 133
834 51
986 886
915 430
921 941
21 755
852 79
970 418
109 150
950 884
444 214
869 620
781 506
175 95
411 387
736 875
938 791
635 419
984 105
857 925
970 132
164 339
34 816
682 272
316 118
49 321
247 558
951 684
883 778
892 885
687 214
619 772
397 561
605 297
625 427
643 20
803 562
245 354
412 854
533 926
157 338
760 140
581 98
126 65
36 297
276 280
295 460
245 637
375 674
836 176
968 456
822 487
847 414
263 131
336 968
379 532
632 613
77 229
916 709
120 682
275 183
885 237
293 989
426 318
870 317
394 336
785 929
20 565
367 797
523 245
855 56
512 66
569 407
418 445
916 428
424 930
171 159
119 253
835 180
584 372
824 195
553 907
290 739
903 274
204 93
425 280
464 737
70 562
808 727
844 13
43 886
407 265
760 525
237 436
220 87
649 154
156 958
96 412
259 447
957 204
463 903
445 408
583 918
70 879
40 814
300 736
563 154
856 400
491 87
473 960
112 128
773 731
157 546
887 685
229 265
596 868
218 820
739 330
649 598
743 306
102 446
563 952
149 743
480 130
581 5
62 844
31 775
966 486
59 198
390 674
690 412
563 854
920 308
456 506
917 339
542 544
489 118
107 707
568 815
254 182
861 502
175 883
600 576
362 799
646 669
172 12
643 443
180 519
56 525
24 43
544 802
347 768
485 164
910 576
911 297
586 736
403 254
367 817
133 432
66 348
933 690
181 957
777 158
502 715
543 611
915 8
536 211
580 27
406 909
412 22
969 521
803 863
790 871
586 537
683 245
332 285
725 274
728 490
658 429
216 896
824 61
109 205
311 689
166 156
574 105
832 596
62 349
433 515
841 743
317 113
320 155
982 653
919 148
709 544
407 977
361 579
611 851
942 457
526 264
268 8
589 940
382 186
790 141
375 904
244 191
634 259
102 309
582 99
387 432
987 721
45 971
447 587
796 780
987 590
720 835
917 375
167 632
41 700
137 957
873 363
11 980
512 607
785 557
680 261
665 119
355 641
870 8
194 553
962 491
784 355
452 241
878 236
479 728
685 925
941 307
814 707
871 950
285 271
345 732
876 776
167 815
299 255
928 749
727 215
312 258
410 594
389 386
471 6